NACA 2412
1.000084 0.001257
0.993433 0.002638
0.986781 0.004006
0.980126 0.005362
0.973470 0.006705
0.966812 0.008036
0.960152 0.009354
0.953490 0.010661
0.946827 0.011956
0.940162 0.013238
0.933495 0.014509
0.926826 0.015768
0.920156 0.017015
0.913484 0.018250
0.906811 0.019474
0.900135 0.020687
0.893459 0.021888
0.886780 0.023077
0.880100 0.024256
0.873419 0.025422
0.866736 0.026578
0.860051 0.027723
0.853365 0.028856
0.846678 0.029978
0.839989 0.031089
0.833299 0.032189
0.826607 0.033278
0.819913 0.034356
0.813219 0.035423
0.806523 0.036479
0.799825 0.037525
0.793126 0.038559
0.786426 0.039582
0.779724 0.040594
0.773022 0.041595
0.766317 0.042586
0.759612 0.043565
0.752905 0.044533
0.746197 0.045491
0.739488 0.046437
0.732777 0.047372
0.726065 0.048296
0.719352 0.049209
0.712638 0.050111
0.705922 0.051002
0.699205 0.051881
0.692488 0.052750
0.685769 0.053606
0.679048 0.054452
0.672327 0.055286
0.665605 0.056108
0.658881 0.056919
0.652156 0.057718
0.645430 0.058505
0.638704 0.059281
0.631976 0.060044
0.625247 0.060796
0.618517 0.061535
0.611786 0.062262
0.605054 0.062977
0.598320 0.063680
0.591586 0.064369
0.584851 0.065047
0.578115 0.065711
0.571379 0.066362
0.564641 0.067000
0.557902 0.067626
0.551162 0.068237
0.544422 0.068835
0.537680 0.069420
0.530938 0.069990
0.524195 0.070547
0.517451 0.071089
0.510707 0.071617
0.503961 0.072130
0.497215 0.072629
0.490468 0.073112
0.483720 0.073581
0.476972 0.074034
0.470223 0.074471
0.463474 0.074892
0.456723 0.075298
0.449972 0.075687
0.443221 0.076059
0.436469 0.076414
0.429717 0.076753
0.422964 0.077074
0.416210 0.077377
0.409456 0.077662
0.402702 0.077929
0.395915 0.078176
0.389105 0.078398
0.382295 0.078594
0.375484 0.078764
0.368672 0.078908
0.361860 0.079025
0.355047 0.079115
0.348235 0.079177
0.341421 0.079210
0.334608 0.079216
0.327795 0.079192
0.320982 0.079139
0.314169 0.079056
0.307356 0.078943
0.300544 0.078798
0.293732 0.078622
0.286920 0.078414
0.280110 0.078172
0.273300 0.077898
0.266491 0.077589
0.259684 0.077245
0.252877 0.076866
0.246073 0.076451
0.239269 0.075998
0.232468 0.075507
0.225668 0.074978
0.218870 0.074408
0.212075 0.073797
0.205282 0.073145
0.198492 0.072448
0.191705 0.071708
0.184922 0.070921
0.178141 0.070087
0.171364 0.069204
0.164592 0.068270
0.157823 0.067283
0.151060 0.066242
0.144301 0.065144
0.137547 0.063986
0.130800 0.062767
0.124059 0.061481
0.117324 0.060127
0.110597 0.058701
0.103878 0.057196
0.097168 0.055610
0.090468 0.053935
0.083777 0.052164
0.077099 0.050290
0.070433 0.048301
0.063782 0.046186
0.057147 0.043928
0.050531 0.041508
0.043937 0.038900
0.037369 0.036066
0.030833 0.032955
0.024337 0.029487
0.017896 0.025528
0.011539 0.020815
0.005334 0.014675
0.000000 0.000000
0.008089 -0.013344
0.015307 -0.018176
0.022372 -0.021602
0.029354 -0.024298
0.036282 -0.026525
0.043168 -0.028418
0.050023 -0.030056
0.056851 -0.031491
0.063658 -0.032760
0.070446 -0.033889
0.077218 -0.034899
0.083975 -0.035804
0.090719 -0.036618
0.097452 -0.037350
0.104174 -0.038009
0.110887 -0.038603
0.117590 -0.039136
0.124286 -0.039615
0.130975 -0.040043
0.137656 -0.040425
0.144332 -0.040764
0.151001 -0.041064
0.157665 -0.041327
0.164324 -0.041555
0.170979 -0.041751
0.177629 -0.041917
0.184275 -0.042054
0.190917 -0.042166
0.197556 -0.042252
0.204192 -0.042315
0.210825 -0.042355
0.217455 -0.042375
0.224083 -0.042376
0.230708 -0.042358
0.237331 -0.042322
0.243952 -0.042270
0.250572 -0.042202
0.257190 -0.042120
0.263806 -0.042024
0.270421 -0.041915
0.277035 -0.041794
0.283649 -0.041660
0.290261 -0.041517
0.296872 -0.041362
0.303483 -0.041198
0.310094 -0.041025
0.316704 -0.040844
0.323313 -0.040654
0.329923 -0.040458
0.336533 -0.040254
0.343142 -0.040043
0.349752 -0.039827
0.356362 -0.039605
0.362972 -0.039378
0.369583 -0.039146
0.376194 -0.038910
0.382806 -0.038670
0.389419 -0.038426
0.396032 -0.038180
0.402667 -0.037929
0.409336 -0.037672
0.416005 -0.037406
0.422674 -0.037131
0.429344 -0.036850
0.436014 -0.036560
0.442685 -0.036264
0.449356 -0.035961
0.456028 -0.035651
0.462701 -0.035335
0.469374 -0.035012
0.476048 -0.034684
0.482722 -0.034350
0.489398 -0.034011
0.496074 -0.033667
0.502750 -0.033317
0.509428 -0.032963
0.516106 -0.032604
0.522785 -0.032241
0.529465 -0.031874
0.536145 -0.031502
0.542827 -0.031127
0.549509 -0.030748
0.556192 -0.030366
0.562876 -0.029980
0.569561 -0.029591
0.576247 -0.029199
0.582934 -0.028804
0.589622 -0.028406
0.596310 -0.028006
0.603000 -0.027602
0.609691 -0.027197
0.616383 -0.026789
0.623075 -0.026379
0.629769 -0.025967
0.636464 -0.025553
0.643160 -0.025136
0.649857 -0.024718
0.656555 -0.024299
0.663255 -0.023877
0.669955 -0.023454
0.676656 -0.023030
0.683359 -0.022604
0.690063 -0.022176
0.696768 -0.021748
0.703474 -0.021318
0.710181 -0.020886
0.716890 -0.020454
0.723599 -0.020020
0.730310 -0.019586
0.737023 -0.019150
0.743736 -0.018713
0.750451 -0.018275
0.757167 -0.017836
0.763884 -0.017397
0.770603 -0.016956
0.777323 -0.016514
0.784044 -0.016071
0.790766 -0.015628
0.797490 -0.015183
0.804216 -0.014738
0.810942 -0.014291
0.817671 -0.013844
0.824400 -0.013395
0.831131 -0.012946
0.837863 -0.012496
0.844597 -0.012044
0.851333 -0.011591
0.858069 -0.011138
0.864808 -0.010683
0.871547 -0.010227
0.878289 -0.009770
0.885032 -0.009311
0.891776 -0.008851
0.898522 -0.008390
0.905270 -0.007927
0.912019 -0.007463
0.918770 -0.006997
0.925523 -0.006530
0.932277 -0.006061
0.939033 -0.005590
0.945791 -0.005117
0.952550 -0.004642
0.959311 -0.004165
0.966074 -0.003687
0.972839 -0.003206
0.979605 -0.002722
0.986374 -0.002236
0.993144 -0.001748
0.999916 -0.001257
